
A1= 
   0 1 0 0 
   1 1 0 0 
   1 1 0 1 

A2= 
   1 1 0 0 
   0 1 0 0 
   0 1 0 1 

A3= 
   1 0 0 0 
   1 1 0 0 
   1 1 0 1 

A4= 
   1 0 0 0 
   0 1 0 0 
   1 1 0 1 

A5= 
   1 0 0 0 
   1 1 0 0 
   0 1 0 1 

A6= 
   1 0 0 0 
   0 1 0 0 
   0 1 0 1 

A7= 
   0 1 0 0 
   1 0 0 0 
   1 1 0 1 

A8= 
   1 1 0 0 
   1 0 0 0 
   0 1 0 1 

A9= 
   0 1 0 0 
   1 1 0 0 
   1 0 0 1 

A10= 
   1 1 0 0 
   0 1 0 0 
   1 0 0 1 

A11= 
   1 1 0 0 
   1 0 0 0 
   1 0 0 1 

A12= 
   0 1 0 0 
   1 0 0 0 
   1 0 0 1 
